1552200
0 22 5 24 77 55 1 53 
1 53 0 5 24 77 30 55 78 93 
2 82 23 87 90 
3 7 47 51 97 45 95 75 
4 84 19 89 32 83 
5 22 0 24 77 12 30 55 1 
6 14 29 67 88 63 31 86 36 39 16 71 96 
7 17 48 47 51 97 3 45 75 65 41 94 95 
8 63 49 57 62 85 72 13 69 
9 37 16 71 52 20 64 
10 15 59 33 17 48 14 29 31 86 
11 58 61 81 59 12 
12 74 22 34 58 61 81 11 5 24 
13 8 49 57 85 69 72 46 98 38 
14 29 67 15 59 10 33 31 86 6 63 88 
15 59 10 33 31 86 14 29 67 
16 30 55 71 96 88 6 63 9 37 
17 10 33 48 7 47 51 97 41 94 95 65 
18 38 42 50 91 98 44 40 66 68 76 
19 84 4 89 32 82 83 
20 64 9 37 73 
21 41 95 43 75 56 
22 34 74 61 12 0 5 24 77 
23 82 83 2 87 90 
24 22 0 5 77 12 30 1 
25 28 60 84 80 
26 35 78 93 53 
27 64 32 73 52 89 83 
28 25 60 84 79 80 
29 14 67 15 59 10 33 31 86 6 88 
30 5 24 77 67 88 16 71 1 55 
31 15 14 29 67 86 10 36 39 88 6 63 
32 60 73 27 83 84 4 19 89 
33 15 59 10 17 48 14 29 86 
34 22 74 92 61 81 12 
35 26 78 93 53 
36 31 86 6 63 39 65 41 94 95 49 62 
37 9 16 71 52 20 64 
38 13 69 98 18 42 50 91 66 68 44 
39 31 86 6 63 36 65 41 94 95 49 62 
40 66 68 76 18 42 91 
41 17 65 94 95 7 47 51 97 45 75 21 43 36 39 
42 38 18 50 91 44 40 66 68 76 
43 41 95 21 75 46 56 
44 54 38 18 42 91 66 76 87 90 
45 7 47 51 97 3 41 95 75 
46 72 56 43 13 69 98 
47 17 48 7 51 97 3 45 75 65 41 94 95 
48 10 33 17 7 47 
49 63 8 57 62 85 36 39 72 13 69 
50 38 18 42 91 98 66 68 
51 17 7 47 97 3 45 75 41 94 95 
52 9 37 64 54 73 27 
53 1 0 77 26 35 78 93 
54 52 44 90 87 
55 0 5 77 1 30 88 16 71 96 78 
56 46 21 43 98 
57 63 8 49 62 85 72 13 69 
58 74 92 61 81 11 12 
59 11 15 10 33 86 14 29 67 
60 25 28 32 89 80 84 
61 74 92 58 81 11 22 34 12 
62 63 8 49 57 85 36 39 72 
63 14 88 6 31 86 36 39 8 49 57 62 16 96 
64 20 9 37 52 27 73 
65 17 7 47 97 41 94 95 36 39 
66 38 44 40 68 76 18 42 50 91 90 
67 14 29 15 59 31 86 6 30 88 
68 38 40 66 76 18 42 50 91 
69 8 49 57 85 13 72 46 98 38 
70 99 
71 30 55 16 96 88 6 9 37 
72 8 49 57 62 85 46 98 13 69 
73 32 20 64 52 27 89 
74 92 58 61 81 12 22 34 
75 7 47 51 97 41 94 95 3 45 21 43 
76 44 40 66 68 18 42 91 90 
77 22 0 5 24 30 55 1 53 
78 26 35 93 1 53 55 
79 28 80 
80 79 25 28 60 84 
81 74 92 58 61 11 34 12 
82 19 83 2 23 87 
83 32 4 19 89 82 27 23 87 
84 25 28 80 60 32 4 19 89 
85 8 49 57 62 72 13 69 
86 15 59 14 29 67 31 10 33 36 39 88 6 63 
87 82 83 2 23 54 44 90 
88 30 14 29 67 31 86 6 63 55 16 71 96 
89 60 84 4 19 32 73 27 83 
90 54 2 23 87 44 66 76 
91 38 18 42 50 44 40 66 68 76 
92 74 58 61 81 34 
93 26 35 78 1 53 
94 17 65 41 95 7 47 51 97 75 36 39 
95 17 65 41 94 7 47 51 97 3 45 75 21 43 36 39 
96 55 16 71 88 6 63 
97 17 7 47 51 3 45 75 65 41 94 95 
98 72 13 69 46 56 38 18 50 
99 70 
