1056899
0 12 70 84 87 17 75 90 
1 39 91 40 27 38 48 51 60 79 49 
2 97 73 53 37 14 65 41 92 93 
3 9 95 76 33 46 47 18 29 7 88 
4 63 94 58 15 42 
5 55 56 62 83 29 57 25 32 30 54 81 
6 60 79 20 43 21 74 86 49 24 
7 16 9 3 95 88 17 70 87 
8 35 72 53 73 29 57 97 
9 64 78 3 95 88 7 16 
10 23 98 80 
11 71 76 33 46 47 61 66 85 
12 70 84 87 16 17 75 90 0 
13 31 26 69 34 71 89 
14 53 2 73 37 41 92 93 65 
15 94 77 99 42 4 
16 7 9 88 17 12 70 84 87 
17 7 16 12 70 84 87 88 56 83 0 75 
18 76 3 95 33 46 47 57 88 29 
19 59 68 96 39 91 27 44 40 
20 79 6 43 21 74 86 49 24 98 
21 6 20 43 74 86 24 
22 41 92 93 36 45 65 
23 79 49 24 98 10 
24 79 49 23 98 6 20 43 21 74 86 
25 5 55 32 57 41 92 93 30 54 
26 69 59 68 96 13 31 34 
27 19 39 91 40 1 38 48 51 60 
28 82 52 67 
29 3 18 8 35 57 97 5 55 
30 5 54 25 32 41 92 93 
31 13 26 69 34 71 89 
32 5 55 62 25 57 41 92 93 30 54 
33 76 11 46 47 66 85 3 95 18 
34 13 31 26 69 68 44 61 71 89 
35 8 72 53 73 29 97 
36 22 45 65 94 77 99 
37 53 2 73 14 
38 39 91 40 1 27 48 51 60 49 
39 96 19 91 1 27 38 40 
40 96 44 19 39 91 1 27 38 48 51 
41 57 97 25 32 92 93 2 73 14 22 30 
42 94 77 99 15 4 
43 79 6 20 21 74 86 24 98 
44 34 59 68 96 19 91 40 71 61 66 
45 92 93 22 36 65 
46 76 11 33 47 66 3 95 18 
47 76 11 33 46 66 3 95 18 
48 91 40 1 27 38 51 
49 1 38 51 60 79 6 20 23 24 98 
50 64 78 89 76 95 
51 91 40 1 27 38 48 60 79 49 
52 28 67 
53 8 35 72 37 14 97 2 73 
54 5 56 62 83 81 30 25 32 
55 5 56 62 83 29 57 25 32 81 
56 17 5 55 62 83 57 54 75 81 
57 18 29 97 8 41 92 5 55 56 62 83 25 32 
58 67 63 4 
59 26 69 68 96 19 44 
60 79 6 1 27 38 51 49 
61 34 71 89 66 44 85 11 
62 5 55 56 83 57 32 54 75 81 
63 65 94 58 4 
64 50 78 95 9 
65 2 93 14 63 94 77 99 22 36 45 
66 71 61 44 85 11 33 46 47 
67 82 28 52 58 
68 26 69 59 96 19 91 34 44 
69 26 59 68 96 13 31 34 
70 12 84 87 7 16 88 17 75 90 0 
71 13 31 89 34 44 61 66 11 
72 85 8 35 53 
73 8 35 97 2 53 37 14 41 
74 6 20 43 21 86 24 
75 12 70 84 0 90 17 56 62 83 81 
76 50 78 89 11 33 46 47 18 3 95 
77 65 36 99 94 15 42 
78 50 64 89 76 95 9 
79 60 6 20 43 23 24 98 1 51 49 
80 86 10 
81 75 90 5 55 56 62 83 54 
82 28 67 
83 17 5 55 56 62 57 54 75 81 
84 12 70 87 16 17 75 90 0 
85 61 66 11 33 72 
86 6 20 43 21 74 24 80 
87 12 70 84 7 16 88 17 0 
88 9 7 16 3 95 18 70 87 17 
89 13 31 71 34 61 50 78 76 
90 12 70 84 0 75 81 
91 68 96 19 39 1 27 38 48 51 44 40 
92 57 25 32 41 93 2 14 22 45 30 
93 25 32 41 92 2 14 65 22 45 30 
94 65 63 4 15 42 36 77 99 
95 50 64 78 9 3 76 33 46 47 18 7 88 
96 26 69 59 68 19 39 91 40 44 
97 29 57 8 35 53 2 73 41 
98 79 49 23 24 20 43 10 
99 65 36 77 94 15 42 
